(Д1 12.00)
1. 1 2 3 4 5 6 7 8 9 10
2. 1 2 3 4 5 6 7 8 9 10
3. 1 Х Х 4 5 6 7 8 9 10
4. 1 2 3 4 Х Х 7 8 9 10
5. 1 2 3 4 Х Х 7 8 9 10# 1 мапу дочитали
*стаканчик русалочка*    бонус

(Д1 14.30)
1. 1 2 3 4 5 6 7 8 9 10
2. 1 2 3 4 5 6 7 8 9 10
3. 1 Х Х 4 5 6 7 8 9 10
4. 1 2 3 4 Х Х 7 8 9 10
5. 1 2 3 4 Х Х 7 8 9 10#
*стаканчик русалочка*
*стаканчик русалочка*
Д1 14.30
1. 1 2 3 4 5 6 7 8 9 10
2. 1 2 3 4 5 6 7 8 9 10
3. 1 Х Х 4 5 6 7 8 9 10
4. 1 2 3 4 Х Х 7 8 9 10
5. 1 2 3 4 Х Х 7 8 9 10
#
*стаканчик русалочка*
Д1 14.30
1. 1 2 3 4 5 6 7 8 9 10
2. 1 2 3 4 5 6 7 8 9 10
3. 1 Х Х 4 5 6 7 8 9 10
4. 1 2 3 4 Х Х 7 8 9 10
5. 1 2 3 4 Х Х 7 8 9 10
#
*стаканчик русалочка*
Д1 14.30
1. 1 2 3 4 5 6 7 8 9 10
2. 1 2 3 4 5 6 7 8 9 10
3. 1 Х Х 4 5 6 7 8 9 10
4. 1 2 3 4 Х Х 7 8 9 10
5. 1 2 3 4 Х Х 7 8 9 10
#
1. 1 2 3 4 5 6 7 8 9 10
2. 1 2 3 4 5 6 7 8 9 10
3. 1 Х Х 4 5 6 7 8 9 10
4. 1 2 3 4 Х Х 7 8 9 10
5. 1 2 3 4 Х Х 7 8 9 10
